[1,0,0,[["cc.Skeleton",["_name","_hash","_joints","_bindposes"],0,12]],[[0,0,1,2,3,4]],[[0,"Skin-0",1454818735,["RootNode/Bip001/Bip001 Pelvis/Bip001 Spine/Bip001 Spine1/Bip001 Neck/Bip001 R Clavicle/Bip001 R UpperArm/Bip001 R Forearm/Bip001 R Hand/Bip001 R Finger4","RootNode/Bip001/Bip001 Pelvis/Bip001 Spine/Bip001 Spine1/Bip001 Neck/Bip001 R Clavicle/Bip001 R UpperArm/Bip001 R Forearm/Bip001 R Hand/Bip001 R Finger4/Bip001 R Finger41","RootNode/Bip001/Bip001 Pelvis/Bip001 Spine/Bip001 Spine1/Bip001 Neck/Bip001 R Clavicle/Bip001 R UpperArm/Bip001 R Forearm/Bip001 R Hand/Bip001 R Finger4/Bip001 R Finger41/Bip001 R Finger42","RootNode/Bip001/Bip001 Pelvis/Bip001 Spine/Bip001 Spine1/Bip001 Neck/Bip001 R Clavicle/Bip001 R UpperArm/Bip001 R Forearm/Bip001 R Hand","RootNode/Bip001/Bip001 Pelvis/Bip001 Spine/Bip001 Spine1/Bip001 Neck/Bip001 L Clavicle/Bip001 L UpperArm/Bip001 L Forearm/Bip001 L Hand/Bip001 L Finger4","RootNode/Bip001/Bip001 Pelvis/Bip001 Spine/Bip001 Spine1/Bip001 Neck/Bip001 L Clavicle/Bip001 L UpperArm/Bip001 L Forearm/Bip001 L Hand/Bip001 L Finger4/Bip001 L Finger41","RootNode/Bip001/Bip001 Pelvis/Bip001 Spine/Bip001 Spine1/Bip001 Neck/Bip001 L Clavicle/Bip001 L UpperArm/Bip001 L Forearm/Bip001 L Hand/Bip001 L Finger4/Bip001 L Finger41/Bip001 L Finger42","RootNode/Bip001/Bip001 Pelvis/Bip001 Spine/Bip001 Spine1/Bip001 Neck/Bip001 L Clavicle/Bip001 L UpperArm/Bip001 L Forearm/Bip001 L Hand","RootNode/Bip001/Bip001 Pelvis/Bip001 Spine/Bip001 Spine1/Bip001 Neck/Bip001 R Clavicle","RootNode/Bip001/Bip001 Pelvis/Bip001 Spine/Bip001 Spine1/Bip001 Neck/Bip001 R Clavicle/Bip001 R UpperArm","RootNode/Bip001/Bip001 Pelvis/Bip001 Spine","RootNode/Bip001/Bip001 Pelvis/Bip001 Spine/Bip001 Spine1","RootNode/Bip001/Bip001 Pelvis","RootNode/Bip001/Bip001 Pelvis/Bip001 Spine/Bip001 Spine1/Bip001 Neck/Bip001 Head","RootNode/Bip001/Bip001 Pelvis/Bip001 Spine/Bip001 Spine1/Bip001 Neck","RootNode/Bip001/Bip001 Pelvis/Bip001 Spine/Bip001 Spine1/Bip001 Neck/Bip001 R Clavicle/Bip001 R UpperArm/Bip001 R Forearm","RootNode/Bip001/Bip001 Pelvis/Bip001 Spine/Bip001 Spine1/Bip001 Neck/Bip001 L Clavicle","RootNode/Bip001/Bip001 Pelvis/Bip001 Spine/Bip001 R Thigh","RootNode/Bip001/Bip001 Pelvis/Bip001 Spine/Bip001 L Thigh","RootNode/Bip001/Bip001 Pelvis/Bip001 Spine/Bip001 Spine1/Bip001 Neck/Bip001 L Clavicle/Bip001 L UpperArm","RootNode/Bip001/Bip001 Pelvis/Bip001 Spine/Bip001 Spine1/Bip001 Neck/Bip001 L Clavicle/Bip001 L UpperArm/Bip001 L Forearm","RootNode/Bip001/Bip001 Pelvis/Bip001 Spine/Bip001 Spine1/Bip001 Neck/Bip001 R Clavicle/Bip001 R UpperArm/Bip001 R Forearm/Bip001 R Hand/Bip001 R Finger0","RootNode/Bip001/Bip001 Pelvis/Bip001 Spine/Bip001 Spine1/Bip001 Neck/Bip001 R Clavicle/Bip001 R UpperArm/Bip001 R Forearm/Bip001 R Hand/Bip001 R Finger3","RootNode/Bip001/Bip001 Pelvis/Bip001 Spine/Bip001 Spine1/Bip001 Neck/Bip001 R Clavicle/Bip001 R UpperArm/Bip001 R Forearm/Bip001 R Hand/Bip001 R Finger2","RootNode/Bip001/Bip001 Pelvis/Bip001 Spine/Bip001 Spine1/Bip001 Neck/Bip001 R Clavicle/Bip001 R UpperArm/Bip001 R Forearm/Bip001 R Hand/Bip001 R Finger1","RootNode/Bip001/Bip001 Pelvis/Bip001 Spine/Bip001 Spine1/Bip001 Neck/Bip001 R Clavicle/Bip001 R UpperArm/Bip001 R Forearm/Bip001 R Hand/Bip001 R Finger0/Bip001 R Finger01/Bip001 R Finger02","RootNode/Bip001/Bip001 Pelvis/Bip001 Spine/Bip001 Spine1/Bip001 Neck/Bip001 R Clavicle/Bip001 R UpperArm/Bip001 R Forearm/Bip001 R Hand/Bip001 R Finger0/Bip001 R Finger01","RootNode/Bip001/Bip001 Pelvis/Bip001 Spine/Bip001 Spine1/Bip001 Neck/Bip001 R Clavicle/Bip001 R UpperArm/Bip001 R Forearm/Bip001 R Hand/Bip001 R Finger1/Bip001 R Finger11","RootNode/Bip001/Bip001 Pelvis/Bip001 Spine/Bip001 Spine1/Bip001 Neck/Bip001 R Clavicle/Bip001 R UpperArm/Bip001 R Forearm/Bip001 R Hand/Bip001 R Finger1/Bip001 R Finger11/Bip001 R Finger12","RootNode/Bip001/Bip001 Pelvis/Bip001 Spine/Bip001 Spine1/Bip001 Neck/Bip001 R Clavicle/Bip001 R UpperArm/Bip001 R Forearm/Bip001 R Hand/Bip001 R Finger2/Bip001 R Finger21","RootNode/Bip001/Bip001 Pelvis/Bip001 Spine/Bip001 Spine1/Bip001 Neck/Bip001 R Clavicle/Bip001 R UpperArm/Bip001 R Forearm/Bip001 R Hand/Bip001 R Finger2/Bip001 R Finger21/Bip001 R Finger22","RootNode/Bip001/Bip001 Pelvis/Bip001 Spine/Bip001 Spine1/Bip001 Neck/Bip001 R Clavicle/Bip001 R UpperArm/Bip001 R Forearm/Bip001 R Hand/Bip001 R Finger3/Bip001 R Finger31","RootNode/Bip001/Bip001 Pelvis/Bip001 Spine/Bip001 Spine1/Bip001 Neck/Bip001 R Clavicle/Bip001 R UpperArm/Bip001 R Forearm/Bip001 R Hand/Bip001 R Finger3/Bip001 R Finger31/Bip001 R Finger32","RootNode/Bip001/Bip001 Pelvis/Bip001 Spine/Bip001 Spine1/Bip001 Neck/Bip001 L Clavicle/Bip001 L UpperArm/Bip001 L Forearm/Bip001 L Hand/Bip001 L Finger0","RootNode/Bip001/Bip001 Pelvis/Bip001 Spine/Bip001 Spine1/Bip001 Neck/Bip001 L Clavicle/Bip001 L UpperArm/Bip001 L Forearm/Bip001 L Hand/Bip001 L Finger3","RootNode/Bip001/Bip001 Pelvis/Bip001 Spine/Bip001 Spine1/Bip001 Neck/Bip001 L Clavicle/Bip001 L UpperArm/Bip001 L Forearm/Bip001 L Hand/Bip001 L Finger2","RootNode/Bip001/Bip001 Pelvis/Bip001 Spine/Bip001 Spine1/Bip001 Neck/Bip001 L Clavicle/Bip001 L UpperArm/Bip001 L Forearm/Bip001 L Hand/Bip001 L Finger1","RootNode/Bip001/Bip001 Pelvis/Bip001 Spine/Bip001 Spine1/Bip001 Neck/Bip001 L Clavicle/Bip001 L UpperArm/Bip001 L Forearm/Bip001 L Hand/Bip001 L Finger0/Bip001 L Finger01/Bip001 L Finger02","RootNode/Bip001/Bip001 Pelvis/Bip001 Spine/Bip001 Spine1/Bip001 Neck/Bip001 L Clavicle/Bip001 L UpperArm/Bip001 L Forearm/Bip001 L Hand/Bip001 L Finger0/Bip001 L Finger01","RootNode/Bip001/Bip001 Pelvis/Bip001 Spine/Bip001 Spine1/Bip001 Neck/Bip001 L Clavicle/Bip001 L UpperArm/Bip001 L Forearm/Bip001 L Hand/Bip001 L Finger1/Bip001 L Finger11","RootNode/Bip001/Bip001 Pelvis/Bip001 Spine/Bip001 Spine1/Bip001 Neck/Bip001 L Clavicle/Bip001 L UpperArm/Bip001 L Forearm/Bip001 L Hand/Bip001 L Finger1/Bip001 L Finger11/Bip001 L Finger12","RootNode/Bip001/Bip001 Pelvis/Bip001 Spine/Bip001 Spine1/Bip001 Neck/Bip001 L Clavicle/Bip001 L UpperArm/Bip001 L Forearm/Bip001 L Hand/Bip001 L Finger2/Bip001 L Finger21","RootNode/Bip001/Bip001 Pelvis/Bip001 Spine/Bip001 Spine1/Bip001 Neck/Bip001 L Clavicle/Bip001 L UpperArm/Bip001 L Forearm/Bip001 L Hand/Bip001 L Finger2/Bip001 L Finger21/Bip001 L Finger22","RootNode/Bip001/Bip001 Pelvis/Bip001 Spine/Bip001 Spine1/Bip001 Neck/Bip001 L Clavicle/Bip001 L UpperArm/Bip001 L Forearm/Bip001 L Hand/Bip001 L Finger3/Bip001 L Finger31","RootNode/Bip001/Bip001 Pelvis/Bip001 Spine/Bip001 Spine1/Bip001 Neck/Bip001 L Clavicle/Bip001 L UpperArm/Bip001 L Forearm/Bip001 L Hand/Bip001 L Finger3/Bip001 L Finger31/Bip001 L Finger32","RootNode/Bip001/Bip001 Pelvis/Bip001 Spine/Bip001 R Thigh/Bip001 R Calf","RootNode/Bip001/Bip001 Pelvis/Bip001 Spine/Bip001 L Thigh/Bip001 L Calf","RootNode/Bip001/Bip001 Pelvis/Bip001 Spine/Bip001 R Thigh/Bip001 R Calf/Bip001 R Foot","RootNode/Bip001/Bip001 Pelvis/Bip001 Spine/Bip001 L Thigh/Bip001 L Calf/Bip001 L Foot","RootNode/Bip001/Bip001 Pelvis/Bip001 Spine/Bip001 R Thigh/Bip001 R Calf/Bip001 R Foot/Bip001 R Toe0","RootNode/Bip001/Bip001 Pelvis/Bip001 Spine/Bip001 L Thigh/Bip001 L Calf/Bip001 L Foot/Bip001 L Toe0","RootNode/Bip001/Bip001 Pelvis/Bip001 Spine/Bip001 Spine1/Bip001 Neck/Bip001 Head/Bone_Jaw","RootNode/Bip001/Bip001 Pelvis/Bip001 Spine/Bip001 Spine1/Bip001 Neck/Bip001 Head/Bone_Lip_4","RootNode/Bip001/Bip001 Pelvis/Bip001 Spine/Bip001 Spine1/Bip001 Neck/Bip001 Head/Bone_Brow_C","RootNode/Bip001/Bip001 Pelvis/Bip001 Spine/Bip001 Spine1/Bip001 Neck/Bip001 Head/Bone_Lip_1","RootNode/Bip001/Bip001 Pelvis/Bip001 Spine/Bip001 Spine1/Bip001 Neck/Bip001 Head/Bone_Lip_2","RootNode/Bip001/Bip001 Pelvis/Bip001 Spine/Bip001 Spine1/Bip001 Neck/Bip001 Head/Bone_Lid_Down_R","RootNode/Bip001/Bip001 Pelvis/Bip001 Spine/Bip001 Spine1/Bip001 Neck/Bip001 Head/Bone_Lid_Up_R","RootNode/Bip001/Bip001 Pelvis/Bip001 Spine/Bip001 Spine1/Bip001 Neck/Bip001 Head/Bone_Brow_R","RootNode/Bip001/Bip001 Pelvis/Bip001 Spine/Bip001 Spine1/Bip001 Neck/Bip001 Head/Bone_Lip_3","RootNode/Bip001/Bip001 Pelvis/Bip001 Spine/Bip001 Spine1/Bip001 Neck/Bip001 Head/Bone_Lid_Down_L","RootNode/Bip001/Bip001 Pelvis/Bip001 Spine/Bip001 Spine1/Bip001 Neck/Bip001 Head/Bone_Lid_Up_L","RootNode/Bip001/Bip001 Pelvis/Bip001 Spine/Bip001 Spine1/Bip001 Neck/Bip001 Head/Bone_Brow_L","RootNode/Bip001/Bip001 Pelvis/Bip001 Spine/Bip001 Spine1/Bip001 Neck/Bip001 Head/Bone_Eye_R","RootNode/Bip001/Bip001 Pelvis/Bip001 Spine/Bip001 Spine1/Bip001 Neck/Bip001 Head/Bone_Eye_L"],[[[7,-0.6140322089195251,0.759884774684906,-0.213400200009346,0,0.0314038060605526,-0.2466377168893814,-0.9685989022254944,0,-0.7886560559272766,-0.6014525294303894,0.12758022546768188,0,0.4357311427593231,1.1443651914596558,-0.2367609739303589,1],[7,-0.5679163336753845,0.794941246509552,-0.21340018510818481,0,0.016731008887290955,-0.24806536734104156,-0.9685989022254944,0,-0.8229162693023682,-0.5536534786224365,0.1275801956653595,0,0.47579097747802734,1.1181317567825317,-0.2367609590291977,1],[7,-0.5796151757240295,0.7864519953727722,-0.213400200009346,0,0.020399246364831924,-0.24779069423675537,-0.9685989022254944,0,-0.8146350383758545,-0.5657677054405212,0.1275802105665207,0,0.44107481837272644,1.124780535697937,-0.2367609590291977,1],[7,-0.7229018211364746,0.6872607469558716,0.07131383568048477,0,-0.3018438518047333,-0.22127331793308258,-0.9273232817649841,0,-0.6215330958366394,-0.6918891668319702,0.3674043118953705,0,0.30336010456085205,1.1984260082244873,-0.34461450576782227,1],[7,0.6140321493148804,-0.7598841786384583,-0.21340276300907135,0,0.03140544518828392,-0.2466396987438202,0.9685983061790466,0,-0.7886560559272766,-0.6014524698257446,-0.1275801956653595,0,0.43573108315467834,1.1443653106689453,0.2367609143257141,1],[7,0.5679162740707397,-0.7949405312538147,-0.21340277791023254,0,0.01673251762986183,-0.2480674684047699,0.9685983061790466,0,-0.8229162693023682,-0.5536534786224365,-0.1275801956653595,0,0.4757908582687378,1.1181318759918213,0.2367609292268753,1],[7,0.57961505651474,-0.7864513993263245,-0.21340277791023254,0,0.02040078677237034,-0.24779276549816132,0.9685983061790466,0,-0.8146350383758545,-0.5657677054405212,-0.1275801956653595,0,0.4410746991634369,1.1247806549072266,0.2367609292268753,1],[7,0.7229026556015015,-0.687260091304779,0.0713113397359848,0,-0.30184194445610046,-0.22127515077590942,0.9273234605789185,0,-0.6215331554412842,-0.6918891668319702,-0.3674043118953705,0,0.3033600449562073,1.1984260082244873,0.3446144759654999,1],[7,-1,-0.000001370906943520822,4.371145223558415e-8,0,-0.000001370906943520822,1,5.6276865627443926e-14,0,-4.3711455788297826e-8,-3.647466172412156e-15,-1,0,-0.05075572803616524,-0.06041228771209717,1.4342492818832397,1],[7,-0.7605639696121216,0.28598636388778687,0.5828844308853149,0,0.12299181520938873,0.9449703693389893,-0.3031570017337799,0,-0.6375072002410889,-0.15888027846813202,-0.7538843154907227,0,0.7603446245193481,0.22589921951293945,1.2119009494781494,1],[7,6.123234262925839e-17,-0.0000014026924191057333,1,0,6.123234262925839e-17,-1,-0.0000014026924191057333,0,1,6.12324286560421e-17,-6.123225660247469e-17,0,-1.0001384019851685,0.04066673293709755,5.7297352640262034e-8,1],[7,6.123234262925839e-17,-0.0000014026924191057333,1,0,6.123234262925839e-17,-1,-0.0000014026924191057333,0,1,6.12324286560421e-17,-6.123225660247469e-17,0,-1.2332268953323364,0.04065282642841339,5.725879859141969e-8,1],[7,6.123234262925839e-17,0.0000027577068522077752,1,0,6.123234262925839e-17,-1,0.0000027577068522077752,0,1,6.123217719313588e-17,-6.12325146828258e-17,0,-0.8883741497993469,-1.0690703921039494e-16,5.4397524590022586e-17,1],[7,6.123234262925839e-17,-0.000001402693328600435,1,0,6.123234262925839e-17,-1,-0.000001402693328600435,0,1,6.12324286560421e-17,-6.123225660247469e-17,0,-1.5386749505996704,0.06172548979520798,8.658192740540471e-8,1],[7,6.123234262925839e-17,-0.0000014026924191057333,1,0,6.123234262925839e-17,-1,-0.0000014026924191057333,0,1,6.12324286560421e-17,-6.123225660247469e-17,0,-1.4874337911605835,0.06176629289984703,8.669504580893772e-8,1],[7,-0.8115561604499817,-0.04028153419494629,0.5828844308853149,0,-0.2631959915161133,0.9158732295036316,-0.3031570315361023,0,-0.5216366052627563,-0.39944174885749817,-0.7538843154907227,0,0.3537963032722473,0.39969298243522644,1.2119009494781494,1],[7,1,-0.000001370906943520822,4.371132789060539e-8,0,0.000001370906943520822,1,6.350475700855895e-14,0,-4.371132789060539e-8,-3.580592074193482e-15,1,0,-0.05075583979487419,-0.06041228771209717,-1.4342492818832397,1],[7,-0.07013240456581116,0.007171714678406715,-0.9975119829177856,0,0.01828642748296261,-0.9997968673706055,-0.008473813533782959,0,-0.9973699450492859,-0.018835218623280525,0.06998702138662338,0,0.8774908185005188,0.017606521025300026,-0.18373969197273254,1],[7,0.07013218104839325,-0.007168964017182589,-0.9975120425224304,0,0.01828662119805813,-0.9997968673706055,0.008471065200865269,0,-0.9973700642585754,-0.018835218623280525,-0.06998685002326965,0,0.8774908781051636,0.017606519162654877,0.1837395429611206,1],[7,0.7605636715888977,-0.285988986492157,0.5828835964202881,0,0.12299389392137527,0.9449695348739624,0.30315861105918884,0,-0.6375072598457336,-0.1588802933692932,0.7538843154907227,0,0.7603445053100586,0.22589927911758423,-1.211901068687439,1],[7,0.8115568161010742,0.040279049426317215,0.5828835964202881,0,-0.2631937861442566,0.9158732295036316,0.30315861105918884,0,-0.5216366052627563,-0.3994417190551758,0.7538843154907227,0,0.35379618406295776,0.39969298243522644,-1.211901068687439,1],[7,-0.3571672737598419,0.22785891592502594,0.9058211445808411,0,-0.9007890224456787,0.17242802679538727,-0.39855727553367615,0,-0.24700382351875305,-0.9583051204681396,0.14366717636585236,0,0.04587000608444214,1.2078815698623657,0.37861868739128113,1],[7,-0.6939071416854858,0.7194721698760986,-0.029201706871390343,0,-0.1815059930086136,-0.21401336789131165,-0.9598196744918823,0,-0.69681316614151,-0.6607254147529602,0.2790938913822174,0,0.2886377274990082,1.1840534210205078,-0.29781681299209595,1],[7,-0.7229018211364746,0.6797314286231995,0.12400911003351212,0,-0.3018438518047333,-0.1492292284965515,-0.9416055083274841,0,-0.6215330958366394,-0.7181196212768555,0.3130508363246918,0,0.19161273539066315,1.2178813219070435,-0.257871150970459,1],[7,-0.651139497756958,0.6533400416374207,0.38621780276298523,0,-0.5109872817993164,-0.001126477844081819,-0.8595876097679138,0,-0.5611679553985596,-0.7570637464523315,0.3345819413661957,0,0.17042483389377594,1.247835397720337,-0.1324731707572937,1],[7,-0.31670135259628296,0.2863849699497223,0.9042587876319885,0,-0.8468111157417297,0.3441287577152252,-0.4055692255496979,0,-0.4273304343223572,-0.8941805958747864,0.1335279494524002,0,0.2197602540254593,1.1805648803710938,0.38903534412384033,1],[7,-0.3413641154766083,0.47436243295669556,0.8114497661590576,0,-0.84975665807724,0.21322669088840485,-0.48212867975234985,0,-0.4017265737056732,-0.8541162014007568,0.33030474185943604,0,0.20075248181819916,1.2450231313705444,0.1107080727815628,1],[7,-0.6141781210899353,0.6882011890411377,0.38621780276298523,0,-0.5102741122245789,0.027010664343833923,-0.8595876097679138,0,-0.6020012497901917,-0.7250168323516846,0.3345819413661957,0,0.19930312037467957,1.2387406826019287,-0.1324731558561325,1],[7,-0.5735019445419312,0.7224481701850891,0.38621774315834045,0,-0.5078698396682739,0.05636896938085556,-0.8595876693725586,0,-0.642778217792511,-0.6891235113143921,0.3345819413661957,0,0.24748758971691132,1.226517915725708,-0.1324731856584549,1],[7,-0.6132134199142456,0.7801225185394287,0.12400917708873749,0,-0.32075417041778564,-0.10244929790496826,-0.9416055083274841,0,-0.7218630313873291,-0.6171815395355225,0.3130508065223694,0,0.32659298181533813,1.1823537349700928,-0.2578710913658142,1],[7,-0.5890107750892639,0.7985537648200989,0.1240091472864151,0,-0.32374393939971924,-0.092568539083004,-0.9416055083274841,0,-0.740443229675293,-0.5947629809379578,0.313050776720047,0,0.3404048979282379,1.1724697351455688,-0.2578710913658142,1],[7,-0.7105216979980469,0.7030691504478455,-0.029201706871390343,0,-0.17645803093910217,-0.21819418668746948,-0.9598196744918823,0,-0.6811913251876831,-0.6768197417259216,0.2790938913822174,0,0.2205047607421875,1.189527988433838,-0.29781681299209595,1],[7,-0.5611250400543213,0.827215850353241,-0.02920166403055191,0,-0.21532708406448364,-0.17994548380374908,-0.9598196744918823,0,-0.7992328405380249,-0.5322909951210022,0.279093861579895,0,0.42497381567955017,1.1286449432373047,-0.29781675338745117,1],[7,0.3571696877479553,-0.22785937786102295,0.9058201313018799,0,-0.9007880091667175,0.17242740094661713,0.39855971932411194,0,-0.24700382351875305,-0.9583051204681396,-0.14366717636585236,0,0.045869987457990646,1.2078815698623657,-0.37861883640289307,1],[7,0.6939076781272888,-0.7194715738296509,-0.029204266145825386,0,-0.18150414526462555,-0.21401527523994446,0.9598196148872375,0,-0.69681316614151,-0.6607254147529602,-0.2790938913822174,0,0.288637638092041,1.1840534210205078,0.29781675338745117,1],[7,0.7229026556015015,-0.6797309517860413,0.12400658428668976,0,-0.30184194445610046,-0.14923106133937836,0.9416058659553528,0,-0.6215331554412842,-0.7181196212768555,-0.31305086612701416,0,0.19161267578601837,1.2178813219070435,0.257871150970459,1],[7,0.6511408686637878,-0.6533400416374207,0.3862154185771942,0,-0.5109854936599731,-0.0011282424675300717,0.859588623046875,0,-0.5611679553985596,-0.7570637464523315,-0.3345819413661957,0,0.17042480409145355,1.247835397720337,0.13247311115264893,1],[7,0.3167036175727844,-0.2863858938217163,0.9042577743530273,0,-0.8468102812767029,0.34412795305252075,0.40557166934013367,0,-0.42733034491539,-0.8941805958747864,-0.1335279643535614,0,0.21976017951965332,1.1805648803710938,-0.38903549313545227,1],[7,0.34136641025543213,-0.4743629992008209,0.8114485144615173,0,-0.8497557640075684,0.21322543919086456,0.4821307957172394,0,-0.40172651410102844,-0.8541162610054016,-0.33030471205711365,0,0.20075242221355438,1.2450231313705444,-0.11070824414491653,1],[7,0.6141796112060547,-0.6882013082504272,0.3862153887748718,0,-0.5102724432945251,0.02700878120958805,0.8595886826515198,0,-0.6020013093948364,-0.7250167727470398,-0.3345819413661957,0,0.19930309057235718,1.2387408018112183,0.13247309625148773,1],[7,0.573503315448761,-0.7224484086036682,0.3862153887748718,0,-0.507868230342865,0.056366994976997375,0.8595886826515198,0,-0.642778217792511,-0.6891234517097473,-0.3345819413661957,0,0.24748751521110535,1.2265180349349976,0.13247312605381012,1],[7,0.6132142543792725,-0.7801222801208496,0.12400661408901215,0,-0.32075247168540955,-0.10245142877101898,0.9416058659553528,0,-0.7218630909919739,-0.6171815395355225,-0.3130508363246918,0,0.32659298181533813,1.1823537349700928,0.2578710913658142,1],[7,0.5890116095542908,-0.7985535264015198,0.12400662153959274,0,-0.3237423598766327,-0.09257069230079651,0.9416058659553528,0,-0.7404433488845825,-0.5947629809379578,-0.3130508363246918,0,0.34040483832359314,1.1724698543548584,0.2578710913658142,1],[7,0.7105221152305603,-0.7030686140060425,-0.02920425869524479,0,-0.17645613849163055,-0.2181960642337799,0.9598196148872375,0,-0.6811913847923279,-0.6768197417259216,-0.2790938913822174,0,0.2205047607421875,1.189527988433838,0.29781675338745117,1],[7,0.561125636100769,-0.827215313911438,-0.02920425869524479,0,-0.21532557904720306,-0.17994771897792816,0.9598196148872375,0,-0.7992328405380249,-0.5322909355163574,-0.2790938913822174,0,0.4249736964702606,1.1286449432373047,0.29781675338745117,1],[7,-0.0702286884188652,-0.006157911382615566,-0.9975119829177856,0,0.20615696907043457,-0.978482186794281,-0.00847380980849266,0,-0.9759955406188965,-0.20623911917209625,0.06998702138662338,0,0.511815071105957,0.11602239310741425,-0.18373969197273254,1],[7,0.0702279582619667,0.006160532124340534,-0.9975120425224304,0,0.2061571627855301,-0.978482186794281,0.008471100591123104,0,-0.9759955406188965,-0.20623911917209625,-0.06998685002326965,0,0.511815071105957,0.11602240055799484,0.1837395429611206,1],[7,6.123234262925839e-17,-0.11349345743656158,-0.9935387969017029,0,-6.123234262925839e-17,-0.9935387969017029,0.11349345743656158,0,-1.0000001192092896,5.3887236870138624e-17,-6.778617403185484e-17,0,0.11441109329462051,0.07486880570650101,-0.1866859644651413,1],[7,6.123234262925839e-17,0.11349619925022125,-0.9935385584831238,0,-6.123234262925839e-17,-0.9935385584831238,-0.11349619925022125,0,-1.0000001192092896,6.778632623308755e-17,-5.388704827295896e-17,0,0.11441109329462051,0.0748688355088234,0.18668584525585175,1],[7,-0.11349345743656158,5.019370163950043e-8,-0.9935387969017029,0,-0.9935387969017029,1.0547183570963625e-8,0.11349345743656158,0,1.6175691897046818e-8,1.0000001192092896,4.8672347929823445e-8,0,-0.06469478458166122,0.00013089428830426186,-0.1866859793663025,1],[7,0.11349619925022125,-5.019385085347494e-8,-0.9935385584831238,0,-0.9935385584831238,1.0547045903308572e-8,-0.11349619925022125,0,1.6175707884258372e-8,1.0000001192092896,-4.867247582751588e-8,0,-0.06469475477933884,0.00013089428830426186,0.18668584525585175,1],[7,-9.252833024220308e-7,0.000009091339961742051,0.42616817355155945,0,-0.32126227021217346,1.9504634141921997,-0.0000014171747579894145,0,-0.1854800432920456,-3.378316640853882,3.2865256116565433e-7,0,0.30798476934432983,5.404589653015137,-7.974706477398286e-7,1],[7,-4.970842155671562e-7,-4.901358465758676e-7,-2.937138557434082,0,-1.6680375337600708,0.01668892242014408,8.724700819584541e-7,0,0.009478003717958927,2.937089681625366,-4.951015171172912e-7,0,-0.08491986244916916,-4.659507751464844,0.0000012950608834216837,1],[7,-8.752688813729037e-7,-4.901359602627053e-7,-2.937138080596924,0,-2.9370906352996826,0.01668892428278923,8.724697977413598e-7,0,0.01668892428278923,2.9370906352996826,-4.951014034304535e-7,0,-0.16583697497844696,-4.949404716491699,0.0000013242263321444625,1],[7,-1.1739060878753662,0.009572388604283333,-2.40596342086792,0,-1.676513671875,0.013671700842678547,1.6846717596054077,0,0.011629837565124035,2.937089681625366,-5.141961310073384e-7,0,-0.08577650785446167,-4.683155536651611,-0.0027553269173949957,1],[7,-4.970842155671562e-7,-4.901358465758676e-7,-2.937138557434082,0,-1.6680375337600708,0.01668892242014408,8.724700819584541e-7,0,0.009478003717958927,2.937089681625366,-4.951015171172912e-7,0,-0.08790694922208786,-4.709410667419434,0.0000012875876791440533,1],[7,-4.0193560835177777e-7,-5.832169449604407e-7,-0.8125911355018616,0,-1.54131281375885,-2.7694766521453857,2.0928618482685124e-7,0,-0.4036206305027008,10.575844764709473,9.994121086265295e-9,0,0.63094562292099,-17.666706085205078,-0.02683151140809059,1],[7,-4.3864207555088797e-7,-0.000004375850949145388,-0.8125912547111511,0,-1.5674810409545898,1.9595446586608887,1.6179087936052383e-7,0,0.28558191657066345,10.755403518676758,-3.600808327064442e-7,0,-0.5173823237419128,-17.882057189941406,-0.026830902323126793,1],[7,-2.081817150115967,-0.9344404339790344,-1.8492263555526733,0,-2.02590012550354,1.467448353767395,1.5391892194747925,0,0.4342198371887207,2.3664731979370117,-1.6846473217010498,0,-0.8903292417526245,-3.9932525157928467,2.791712522506714,1],[7,1.173904538154602,-0.009573070332407951,-2.4059643745422363,0,-1.6765142679214478,0.013670682907104492,-1.6846694946289062,0,0.011629527434706688,2.937089443206787,-6.427449079637881e-7,0,-0.08577289432287216,-4.683155536651611,0.002773123327642679,1],[7,-4.0193560835177777e-7,-5.832169449604407e-7,-0.8125911355018616,0,-1.54131281375885,-2.7694766521453857,2.0928618482685124e-7,0,-0.4036206305027008,10.575844764709473,9.994121086265295e-9,0,0.6309457421302795,-17.66670799255371,0.02683289907872677,1],[7,-4.3864207555088797e-7,-0.000004375850949145388,-0.8125912547111511,0,-1.5674810409545898,1.9595446586608887,1.6179087936052383e-7,0,0.28558191657066345,10.755403518676758,-3.600808327064442e-7,0,-0.5173823237419128,-17.882057189941406,0.02683352120220661,1],[7,2.081815004348755,0.9344397783279419,-1.8492289781570435,0,-2.025902271270752,1.4674450159072876,-1.5391894578933716,0,0.4342194199562073,2.3664751052856445,1.6846444606781006,0,-0.8903324604034424,-3.993259906768799,-2.7917256355285645,1],[7,-0.0000011386471214791527,-0.0000018896821529779118,-2.9371376037597656,0,-2.1217286586761475,0.016690317541360855,0.0000015654555909350165,0,0.012056943960487843,2.937089681625366,-0.0000018986087297889753,0,-0.07585304975509644,-4.891350746154785,-0.09407241642475128,1],[7,-6.32780029263813e-7,-0.0000018896446363214636,-2.9371376037597656,0,-2.1217286586761475,0.016688914969563484,8.652006044940208e-7,0,0.012055930681526661,2.937089681625366,-0.0000018945914916912443,0,-0.07585135102272034,-4.891351699829102,0.09408793598413467,1]],8,8,8,8,8,8,8,8,8,8,8,8,8,8,8,8,8,8,8,8,8,8,8,8,8,8,8,8,8,8,8,8,8,8,8,8,8,8,8,8,8,8,8,8,8,8,8,8,8,8,8,8,8,8,8,8,8,8,8,8,8,8,8,8,8]]],0,0,[],[],[]]
