[1,0,0,[["cc.Skeleton",["_name","_hash","_joints","_bindposes"],0,12]],[[0,0,1,2,3,4]],[[0,"Skin-0",1826587979,["RootNode/Bip001/Bip001 Pelvis/Bip001 Spine/Bip001 Spine1/Bip001 Neck/Bip001 Head","RootNode/Bip001/Bip001 Pelvis/Bip001 Spine/Bip001 Spine1/Bip001 Neck/Bip001 Head/Bone_Jaw","RootNode/Bip001/Bip001 Pelvis/Bip001 Spine/Bip001 Spine1/Bip001 Neck/Bip001 Head/Bone_Lip_4","RootNode/Bip001/Bip001 Pelvis/Bip001 Spine/Bip001 Spine1/Bip001 Neck/Bip001 Head/Bone_Brow_C","RootNode/Bip001/Bip001 Pelvis/Bip001 Spine/Bip001 Spine1/Bip001 Neck/Bip001 Head/Bone_Lip_1","RootNode/Bip001/Bip001 Pelvis/Bip001 Spine/Bip001 Spine1/Bip001 Neck/Bip001 Head/Bone_Lip_2","RootNode/Bip001/Bip001 Pelvis/Bip001 Spine/Bip001 Spine1/Bip001 Neck","RootNode/Bip001/Bip001 Pelvis/Bip001 Spine/Bip001 Spine1","RootNode/Bip001/Bip001 Pelvis/Bip001 Spine/Bip001 Spine1/Bip001 R Clavicle","RootNode/Bip001/Bip001 Pelvis/Bip001 Spine/Bip001 Spine1/Bip001 L Clavicle","RootNode/Bip001/Bip001 Pelvis/Bip001 Spine/Bip001 Spine1/Bip001 Neck/Bip001 Head/Bone_Lid_Down_R","RootNode/Bip001/Bip001 Pelvis/Bip001 Spine/Bip001 Spine1/Bip001 Neck/Bip001 Head/Bone_Lid_Up_R","RootNode/Bip001/Bip001 Pelvis/Bip001 Spine/Bip001 Spine1/Bip001 Neck/Bip001 Head/Bone_Brow_R","RootNode/Bip001/Bip001 Pelvis/Bip001 Spine","RootNode/Bip001/Bip001 Pelvis/Bip001 Spine/Bip001 Spine1/Bip001 Neck/Bip001 Head/Bone_Lip_3","RootNode/Bip001/Bip001 Pelvis/Bip001 Spine/Bip001 Spine1/Bip001 Neck/Bip001 Head/Bone_Lid_Down_L","RootNode/Bip001/Bip001 Pelvis/Bip001 Spine/Bip001 Spine1/Bip001 Neck/Bip001 Head/Bone_Lid_Up_L","RootNode/Bip001/Bip001 Pelvis/Bip001 Spine/Bip001 Spine1/Bip001 Neck/Bip001 Head/Bone_Brow_L","RootNode/Bip001/Bip001 Pelvis/Bip001 Spine/Bip001 Spine1/Bip001 Neck/Bip001 Head/Bone_Eye_R","RootNode/Bip001/Bip001 Pelvis/Bip001 Spine/Bip001 Spine1/Bip001 Neck/Bip001 Head/Bone_Eye_L","RootNode/Bip001/Bip001 Pelvis/Bip001 Spine/Bip001 Spine1/Bip001 R Clavicle/Bip001 R UpperArm/Bip001 R Forearm","RootNode/Bip001/Bip001 Pelvis/Bip001 Spine/Bip001 Spine1/Bip001 R Clavicle/Bip001 R UpperArm/Bip001 R Forearm/Bip001 R Hand","RootNode/Bip001/Bip001 Pelvis/Bip001 Spine/Bip001 Spine1/Bip001 R Clavicle/Bip001 R UpperArm","RootNode/Bip001/Bip001 Pelvis/Bip001 Spine/Bip001 Spine1/Bip001 L Clavicle/Bip001 L UpperArm/Bip001 L Forearm","RootNode/Bip001/Bip001 Pelvis/Bip001 Spine/Bip001 Spine1/Bip001 L Clavicle/Bip001 L UpperArm/Bip001 L Forearm/Bip001 L Hand","RootNode/Bip001/Bip001 Pelvis/Bip001 Spine/Bip001 Spine1/Bip001 L Clavicle/Bip001 L UpperArm","RootNode/Bip001/Bip001 Pelvis/Bip001 R Thigh/Bip001 R Calf","RootNode/Bip001/Bip001 Pelvis/Bip001 R Thigh","RootNode/Bip001/Bip001 Pelvis/Bip001 L Thigh/Bip001 L Calf","RootNode/Bip001/Bip001 Pelvis/Bip001 L Thigh","RootNode/Bip001/Bip001 Pelvis","RootNode/Bip001/Bip001 Pelvis/Bip001 Spine/Bip001 Spine1/Bip001 R Clavicle/Bip001 R UpperArm/Bip001 R Forearm/Bip001 R Hand/Bip001 R Finger4","RootNode/Bip001/Bip001 Pelvis/Bip001 Spine/Bip001 Spine1/Bip001 R Clavicle/Bip001 R UpperArm/Bip001 R Forearm/Bip001 R Hand/Bip001 R Finger4/Bip001 R Finger41","RootNode/Bip001/Bip001 Pelvis/Bip001 Spine/Bip001 Spine1/Bip001 R Clavicle/Bip001 R UpperArm/Bip001 R Forearm/Bip001 R Hand/Bip001 R Finger3","RootNode/Bip001/Bip001 Pelvis/Bip001 Spine/Bip001 Spine1/Bip001 R Clavicle/Bip001 R UpperArm/Bip001 R Forearm/Bip001 R Hand/Bip001 R Finger2","RootNode/Bip001/Bip001 Pelvis/Bip001 Spine/Bip001 Spine1/Bip001 R Clavicle/Bip001 R UpperArm/Bip001 R Forearm/Bip001 R Hand/Bip001 R Finger1","RootNode/Bip001/Bip001 Pelvis/Bip001 Spine/Bip001 Spine1/Bip001 R Clavicle/Bip001 R UpperArm/Bip001 R Forearm/Bip001 R Hand/Bip001 R Finger1/Bip001 R Finger11","RootNode/Bip001/Bip001 Pelvis/Bip001 Spine/Bip001 Spine1/Bip001 R Clavicle/Bip001 R UpperArm/Bip001 R Forearm/Bip001 R Hand/Bip001 R Finger0","RootNode/Bip001/Bip001 Pelvis/Bip001 Spine/Bip001 Spine1/Bip001 R Clavicle/Bip001 R UpperArm/Bip001 R Forearm/Bip001 R Hand/Bip001 R Finger0/Bip001 R Finger01","RootNode/Bip001/Bip001 Pelvis/Bip001 Spine/Bip001 Spine1/Bip001 R Clavicle/Bip001 R UpperArm/Bip001 R Forearm/Bip001 R Hand/Bip001 R Finger4/Bip001 R Finger41/Bip001 R Finger42","RootNode/Bip001/Bip001 Pelvis/Bip001 Spine/Bip001 Spine1/Bip001 R Clavicle/Bip001 R UpperArm/Bip001 R Forearm/Bip001 R Hand/Bip001 R Finger3/Bip001 R Finger31","RootNode/Bip001/Bip001 Pelvis/Bip001 Spine/Bip001 Spine1/Bip001 R Clavicle/Bip001 R UpperArm/Bip001 R Forearm/Bip001 R Hand/Bip001 R Finger3/Bip001 R Finger31/Bip001 R Finger32","RootNode/Bip001/Bip001 Pelvis/Bip001 Spine/Bip001 Spine1/Bip001 R Clavicle/Bip001 R UpperArm/Bip001 R Forearm/Bip001 R Hand/Bip001 R Finger2/Bip001 R Finger21","RootNode/Bip001/Bip001 Pelvis/Bip001 Spine/Bip001 Spine1/Bip001 R Clavicle/Bip001 R UpperArm/Bip001 R Forearm/Bip001 R Hand/Bip001 R Finger2/Bip001 R Finger21/Bip001 R Finger22","RootNode/Bip001/Bip001 Pelvis/Bip001 Spine/Bip001 Spine1/Bip001 R Clavicle/Bip001 R UpperArm/Bip001 R Forearm/Bip001 R Hand/Bip001 R Finger1/Bip001 R Finger11/Bip001 R Finger12","RootNode/Bip001/Bip001 Pelvis/Bip001 Spine/Bip001 Spine1/Bip001 R Clavicle/Bip001 R UpperArm/Bip001 R Forearm/Bip001 R Hand/Bip001 R Finger0/Bip001 R Finger01/Bip001 R Finger02","RootNode/Bip001/Bip001 Pelvis/Bip001 Spine/Bip001 Spine1/Bip001 L Clavicle/Bip001 L UpperArm/Bip001 L Forearm/Bip001 L Hand/Bip001 L Finger0","RootNode/Bip001/Bip001 Pelvis/Bip001 Spine/Bip001 Spine1/Bip001 L Clavicle/Bip001 L UpperArm/Bip001 L Forearm/Bip001 L Hand/Bip001 L Finger4","RootNode/Bip001/Bip001 Pelvis/Bip001 Spine/Bip001 Spine1/Bip001 L Clavicle/Bip001 L UpperArm/Bip001 L Forearm/Bip001 L Hand/Bip001 L Finger4/Bip001 L Finger41","RootNode/Bip001/Bip001 Pelvis/Bip001 Spine/Bip001 Spine1/Bip001 L Clavicle/Bip001 L UpperArm/Bip001 L Forearm/Bip001 L Hand/Bip001 L Finger3","RootNode/Bip001/Bip001 Pelvis/Bip001 Spine/Bip001 Spine1/Bip001 L Clavicle/Bip001 L UpperArm/Bip001 L Forearm/Bip001 L Hand/Bip001 L Finger2","RootNode/Bip001/Bip001 Pelvis/Bip001 Spine/Bip001 Spine1/Bip001 L Clavicle/Bip001 L UpperArm/Bip001 L Forearm/Bip001 L Hand/Bip001 L Finger1","RootNode/Bip001/Bip001 Pelvis/Bip001 Spine/Bip001 Spine1/Bip001 L Clavicle/Bip001 L UpperArm/Bip001 L Forearm/Bip001 L Hand/Bip001 L Finger1/Bip001 L Finger11","RootNode/Bip001/Bip001 Pelvis/Bip001 Spine/Bip001 Spine1/Bip001 L Clavicle/Bip001 L UpperArm/Bip001 L Forearm/Bip001 L Hand/Bip001 L Finger0/Bip001 L Finger01","RootNode/Bip001/Bip001 Pelvis/Bip001 Spine/Bip001 Spine1/Bip001 L Clavicle/Bip001 L UpperArm/Bip001 L Forearm/Bip001 L Hand/Bip001 L Finger4/Bip001 L Finger41/Bip001 L Finger42","RootNode/Bip001/Bip001 Pelvis/Bip001 Spine/Bip001 Spine1/Bip001 L Clavicle/Bip001 L UpperArm/Bip001 L Forearm/Bip001 L Hand/Bip001 L Finger3/Bip001 L Finger31","RootNode/Bip001/Bip001 Pelvis/Bip001 Spine/Bip001 Spine1/Bip001 L Clavicle/Bip001 L UpperArm/Bip001 L Forearm/Bip001 L Hand/Bip001 L Finger3/Bip001 L Finger31/Bip001 L Finger32","RootNode/Bip001/Bip001 Pelvis/Bip001 Spine/Bip001 Spine1/Bip001 L Clavicle/Bip001 L UpperArm/Bip001 L Forearm/Bip001 L Hand/Bip001 L Finger2/Bip001 L Finger21","RootNode/Bip001/Bip001 Pelvis/Bip001 Spine/Bip001 Spine1/Bip001 L Clavicle/Bip001 L UpperArm/Bip001 L Forearm/Bip001 L Hand/Bip001 L Finger2/Bip001 L Finger21/Bip001 L Finger22","RootNode/Bip001/Bip001 Pelvis/Bip001 Spine/Bip001 Spine1/Bip001 L Clavicle/Bip001 L UpperArm/Bip001 L Forearm/Bip001 L Hand/Bip001 L Finger1/Bip001 L Finger11/Bip001 L Finger12","RootNode/Bip001/Bip001 Pelvis/Bip001 Spine/Bip001 Spine1/Bip001 L Clavicle/Bip001 L UpperArm/Bip001 L Forearm/Bip001 L Hand/Bip001 L Finger0/Bip001 L Finger01/Bip001 L Finger02","RootNode/Bip001/Bip001 Pelvis/Bip001 R Thigh/Bip001 R Calf/Bip001 R Foot","RootNode/Bip001/Bip001 Pelvis/Bip001 L Thigh/Bip001 L Calf/Bip001 L Foot","RootNode/Bip001/Bip001 Pelvis/Bip001 R Thigh/Bip001 R Calf/Bip001 R Foot/Bip001 R Toe0","RootNode/Bip001/Bip001 Pelvis/Bip001 L Thigh/Bip001 L Calf/Bip001 L Foot/Bip001 L Toe0"],[[[7,0.000001347362967862864,-0.0000013981674555907375,1,0,-4.3256758175402865e-8,-1,-0.0000013981674555907375,0,0.9999998807907104,-4.325487878986678e-8,-0.0000013473630815497017,0,-1.5386747121810913,0.06172548606991768,0.000002152614797523711,1],[7,-9.286827094001637e-7,0.00000911687129701022,0.42616817355155945,0,-0.32126227021217346,1.9504626989364624,-0.000001421951424163126,0,-0.185479998588562,-3.378316879272461,3.2911574976424163e-7,0,0.30798467993736267,5.404590129852295,-8.019992492336314e-7,1],[7,-4.908264372716076e-7,-4.827530233342259e-7,-2.937138557434082,0,-1.6680374145507812,0.016688935458660126,8.614934472461755e-7,0,0.009478009305894375,2.937089681625366,-4.876562229583215e-7,0,-0.0849200114607811,-4.659507751464844,0.0000013077235507807927,1],[7,-8.973132707978948e-7,-4.939718678542704e-7,-2.937138080596924,0,-2.9370906352996826,0.016688944771885872,8.944920182329952e-7,0,0.016688944771885872,2.9370906352996826,-4.9906248023035e-7,0,-0.1658373773097992,-4.949404716491699,0.0000013614831004815642,1],[7,-1.1739060878753662,0.00957241840660572,-2.40596342086792,0,-1.676513671875,0.013671700842678547,1.6846717596054077,0,0.011629849672317505,2.937089681625366,-4.899673626823642e-7,0,-0.09368441253900528,-4.683091640472412,0.005191009026020765,1],[7,-4.908264372716076e-7,-4.827530233342259e-7,-2.937138557434082,0,-1.6680374145507812,0.016688935458660126,8.614934472461755e-7,0,0.009478009305894375,2.937089681625366,-4.876562229583215e-7,0,-0.0879071056842804,-4.709410190582275,0.0000012997832072869642,1],[7,4.377588957993339e-9,-0.0000014017405192134902,1,0,-0.0007963516982272267,-0.9999997019767761,-0.0000014017366538610077,0,0.9999995827674866,-0.0007963518146425486,-5.4938662508163816e-9,0,-1.4873839616775513,0.0629507303237915,8.929009709390812e-8,1],[7,4.377588957993339e-9,-0.0000014017405192134902,1,0,-0.0007963516982272267,-0.9999997019767761,-0.0000014017366538610077,0,0.9999995827674866,-0.0007963518146425486,-5.4938662508163816e-9,0,-1.2331939935684204,0.041634831577539444,5.725100749032208e-8,1],[7,-1,-0.000001366615265396831,4.565961475577751e-8,0,-0.000001366615265396831,1,-2.517766661824794e-9,0,-4.565961475577751e-8,-2.517828834314173e-9,-1,0,-0.05075572058558464,-0.0604122094810009,1.4342492818832397,1],[7,1,-0.0000013691202411791892,4.2547899425926516e-8,0,0.0000013691202411791892,1,3.1132896260999132e-9,0,-4.2547902978640195e-8,-3.113231228368818e-9,1,0,-0.05075584352016449,-0.060412224382162094,-1.4342492818832397,1],[7,-4.1609828826949524e-7,-6.168173172227398e-7,-0.8125911355018616,0,-1.5413129329681396,-2.7694718837738037,2.1690632934223686e-7,0,-0.4036199748516083,10.575846672058105,9.407830958707564e-9,0,0.6309444904327393,-17.666709899902344,-0.026831503957509995,1],[7,-4.398862358812039e-7,-0.000004383667146612424,-0.8125912547111511,0,-1.5674811601638794,1.9595370292663574,1.6231123822763038e-7,0,0.2855808138847351,10.75540542602539,-3.6076599485568295e-7,0,-0.5173806548118591,-17.882057189941406,-0.026830891147255898,1],[7,-2.081817388534546,-0.9344403743743896,-1.8492262363433838,0,-2.025899887084961,1.467448353767395,1.5391894578933716,0,0.4342198371887207,2.3664731979370117,-1.6846473217010498,0,-0.8903293609619141,-3.9932525157928467,2.791712522506714,1],[7,4.377588957993339e-9,-0.0000014017405192134902,1,0,-0.0007963516982272267,-0.9999997019767761,-0.0000014017366538610077,0,0.9999995827674866,-0.0007963518146425486,-5.4938662508163816e-9,0,-1.0001057386398315,0.04146312549710274,5.770441191543796e-8,1],[7,1.1739046573638916,-0.009573066607117653,-2.4059643745422363,0,-1.6765142679214478,0.013670687563717365,-1.6846696138381958,0,0.011629528366029263,2.937089443206787,-6.349894192680949e-7,0,-0.09368079155683517,-4.683091163635254,-0.0051732491701841354,1],[7,-4.0741352336226555e-7,-5.794959747618122e-7,-0.8125911355018616,0,-1.54131281375885,-2.7694766521453857,2.1191877408455184e-7,0,-0.4036206305027008,10.575845718383789,1.0969412933548028e-8,0,0.63094562292099,-17.666709899902344,0.026832904666662216,1],[7,-4.439140184331336e-7,-0.00000438529104940244,-0.8125912547111511,0,-1.5674810409545898,1.9595446586608887,1.64310321792982e-7,0,0.28558191657066345,10.755403518676758,-3.6125302926848235e-7,0,-0.5173825025558472,-17.882057189941406,0.02683352865278721,1],[7,2.081815004348755,0.9344397783279419,-1.8492289781570435,0,-2.025902271270752,1.4674450159072876,-1.5391894578933716,0,0.4342194199562073,2.3664751052856445,1.6846442222595215,0,-0.8903326392173767,-3.993260145187378,-2.7917256355285645,1],[7,-0.000001143259282798681,-0.0000018879995877796318,-2.9371376037597656,0,-2.1217286586761475,0.016690345481038094,0.0000015718493386884802,0,0.012056964449584484,2.9370901584625244,-0.0000018969625443787663,0,-0.07585322856903076,-4.891351222991943,-0.09407239407300949,1],[7,-6.379735850714496e-7,-0.000001888849737952114,-2.9371376037597656,0,-2.1217291355133057,0.01668892800807953,8.723943096811126e-7,0,0.012055939994752407,2.937089681625366,-0.0000018938375205834745,0,-0.07585149258375168,-4.891351699829102,0.09408794343471527,1],[7,-0.8084818720817566,-0.08125856518745422,0.5828843712806702,0,-0.3091617822647095,0.9013960361480713,-0.3031570613384247,0,-0.5007756352424622,-0.42530253529548645,-0.7538844347000122,0,0.3331372141838074,0.41706833243370056,1.2119009494781494,1],[7,-0.6878548264503479,0.7026354670524597,-0.18209709227085114,0,-0.2843298614025116,-0.4916559159755707,-0.8230619430541992,0,-0.6678416132926941,-0.5143715143203735,0.5379680395126343,0,0.37666815519332886,1.011198878288269,-0.7011419534683228,1],[7,-0.7605639696121216,0.28598642349243164,0.5828844308853149,0,0.12299182265996933,0.9449703693389893,-0.3031570315361023,0,-0.6375072598457336,-0.15888027846813202,-0.7538843154907227,0,0.7603446841239929,0.22589930891990662,1.2119009494781494,1],[7,0.808482825756073,0.08125612139701843,0.5828835368156433,0,-0.30915960669517517,0.9013961553573608,0.30315864086151123,0,-0.5007756352424622,-0.42530250549316406,0.7538844347000122,0,0.33313700556755066,0.4170682430267334,-1.211901068687439,1],[7,0.68785560131073,-0.7026340961456299,-0.18209929764270782,0,-0.28432801365852356,-0.4916578233242035,0.8230614066123962,0,-0.6678416132926941,-0.5143715739250183,-0.5379679799079895,0,0.3766680955886841,1.0111989974975586,0.701141893863678,1],[7,0.7605636715888977,-0.28598901629447937,0.5828835964202881,0,0.12299392372369766,0.9449695348739624,0.30315861105918884,0,-0.6375072598457336,-0.1588802933692932,0.7538843154907227,0,0.7603445053100586,0.2258993685245514,-1.2119009494781494,1],[7,-0.0702286884188652,-0.0061579542234539986,-0.9975119829177856,0,0.20615702867507935,-0.978482186794281,-0.00847377348691225,0,-0.9759955406188965,-0.20623917877674103,0.06998703628778458,0,0.511815071105957,0.11602239310741425,-0.18373972177505493,1],[7,-0.07013241946697235,0.00717169139534235,-0.9975118637084961,0,0.018286479637026787,-0.9997968673706055,-0.008473793044686317,0,-0.9973700642585754,-0.018835270777344704,0.06998702883720398,0,0.8774908185005188,0.01760650984942913,-0.18373969197273254,1],[7,0.0702279582619667,0.006160535849630833,-0.9975119829177856,0,0.20615717768669128,-0.978482186794281,0.00847109965980053,0,-0.9759955406188965,-0.20623914897441864,-0.06998685002326965,0,0.5118151307106018,0.11602240055799484,0.1837395429611206,1],[7,0.07013218104839325,-0.007168940268456936,-0.9975119829177856,0,0.01828668639063835,-0.9997968673706055,0.008471045643091202,0,-0.9973700642585754,-0.0188352819532156,-0.06998685002326965,0,0.8774908781051636,0.017606521025300026,0.1837395429611206,1],[7,0.0000013905690821047756,0.0000027535252229426987,1.0000001192092896,0,-3.866525588591685e-8,-1.0000001192092896,0.0000027535252229426987,0,0.9999998807907104,-3.8669092816689954e-8,-0.0000013905690821047756,0,-0.8883741497993469,-1.3176500779366052e-8,0.0000012305398513490218,1],[7,-0.4318677484989166,0.5914180874824524,-0.6809661984443665,0,0.19876039028167725,-0.6740379333496094,-0.7114543914794922,0,-0.8797638416290283,-0.44260331988334656,0.1735447198152542,0,0.6421837210655212,0.8596973419189453,-0.6073080897331238,1],[7,-0.3960566520690918,0.6159741878509521,-0.6809662580490112,0,0.15846244990825653,-0.6846330761909485,-0.7114542722702026,0,-0.904449462890625,-0.3896837830543518,0.17354470491409302,0,0.6541150808334351,0.8223750591278076,-0.6073080897331238,1],[7,-0.656315267086029,0.5742833018302917,-0.48933514952659607,0,-0.00894100684672594,-0.6544414162635803,-0.7560597658157349,0,-0.7544337511062622,-0.4918385148048401,0.4346545934677124,0,0.3666830062866211,0.9023340940475464,-0.7832326889038086,1],[7,-0.7164620757102966,0.6617249250411987,-0.22091227769851685,0,-0.33514824509620667,-0.604211151599884,-0.7229138016700745,0,-0.6118478775024414,-0.44390204548835754,0.654670238494873,0,0.16990888118743896,0.9139583110809326,-0.8650557398796082,1],[7,-0.6861211061477661,0.7108362317085266,0.15475693345069885,0,-0.6441035270690918,-0.49468427896499634,-0.5834536552429199,0,-0.3381842374801636,-0.4999994933605194,0.7972652912139893,0,-0.11025393009185791,1.0089436769485474,-0.7905268669128418,1],[7,-0.6459410190582275,0.7475363612174988,0.15475697815418243,0,-0.6703641414642334,-0.4584689140319824,-0.5834536552429199,0,-0.36520159244537354,-0.48062023520469666,0.7972652912139893,0,-0.10244397819042206,1.0161257982254028,-0.7905268669128418,1],[7,-0.4212522506713867,0.4318026900291443,0.7975543737411499,0,-0.9068476557731628,-0.1877508908510208,-0.3773287534713745,0,-0.013190042227506638,-0.8822108507156372,0.4706697463989258,0,-0.2722134590148926,1.2685655355453491,-0.04056895524263382,1],[7,-0.40671539306640625,0.4916602671146393,0.7699692249298096,0,-0.9076396226882935,-0.12171197682619095,-0.4017172157764435,0,-0.1037939265370369,-0.8622391223907471,0.49575236439704895,0,-0.18989823758602142,1.287744402885437,-0.08798883110284805,1],[7,-0.40512651205062866,0.6100471615791321,-0.6809662580490112,0,0.16857409477233887,-0.6822137236595154,-0.7114543914794922,0,-0.8985850811004639,-0.40302228927612305,0.1735447198152542,0,0.6174293756484985,0.8316008448600769,-0.6073080897331238,1],[7,-0.6083356142044067,0.6248831152915955,-0.48933523893356323,0,-0.06119827553629875,-0.6516351103782654,-0.7560598850250244,0,-0.7913170456886292,-0.42999163269996643,0.4346545934677124,0,0.392410546541214,0.8737760782241821,-0.7832326889038086,1],[7,-0.4759904444217682,0.7307421565055847,-0.48933523893356323,0,-0.18607540428638458,-0.6274946331977844,-0.7560597658157349,0,-0.8595401048660278,-0.2688239514827728,0.4346545934677124,0,0.5248597264289856,0.7871254086494446,-0.7832326889038086,1],[7,-0.6928622126579285,0.6863961815834045,-0.22091232240200043,0,-0.3560907244682312,-0.5921105146408081,-0.7229138612747192,0,-0.627009928226471,-0.4222148656845093,0.6546702980995178,0,0.1564565747976303,0.9090391993522644,-0.8650557994842529,1],[7,-0.671495258808136,0.7073131203651428,-0.22091229259967804,0,-0.3740743100643158,-0.5809163451194763,-0.7229138612747192,0,-0.6396581530570984,-0.4027957022190094,0.6546701788902283,0,0.14936965703964233,0.9048855900764465,-0.8650557398796082,1],[7,-0.6017930507659912,0.7835149765014648,0.15475690364837646,0,-0.6956683397293091,-0.4190792441368103,-0.5834537148475647,0,-0.39228934049606323,-0.45877790451049805,0.7972652316093445,0,-0.07438177615404129,1.0221102237701416,-0.7905268669128418,1],[7,-0.38183993101119995,0.49952220916748047,0.7776089906692505,0,-0.9152957797050476,-0.08768559992313385,-0.39312228560447693,0,-0.12818823754787445,-0.8618518710136414,0.4906923472881317,0,-0.18251684308052063,1.2953169345855713,-0.07652924954891205,1],[7,0.4212546944618225,-0.4318022131919861,0.797553300857544,0,-0.9068465232849121,-0.18775208294391632,0.3773309290409088,0,-0.01319002266973257,-0.8822108507156372,-0.4706697463989258,0,-0.27221348881721497,1.2685657739639282,0.04056892171502113,1],[7,0.43186718225479126,-0.5914162397384644,-0.680968165397644,0,0.19876155257225037,-0.6740395426750183,0.7114524841308594,0,-0.8797638416290283,-0.44260329008102417,-0.1735447198152542,0,0.6421837210655212,0.8596973419189453,0.6073082089424133,1],[7,0.39605623483657837,-0.6159722805023193,-0.6809682846069336,0,0.15846358239650726,-0.6846348643302917,0.7114524841308594,0,-0.904449462890625,-0.38968387246131897,-0.1735447198152542,0,0.6541149020195007,0.8223752379417419,0.6073082685470581,1],[7,0.656315267086029,-0.5742814540863037,-0.489337295293808,0,-0.00893918052315712,-0.6544430255889893,0.7560585141181946,0,-0.7544337511062622,-0.4918384552001953,-0.4346546530723572,0,0.36668285727500916,0.9023340940475464,0.7832328677177429,1],[7,0.7164629101753235,-0.6617233157157898,-0.22091425955295563,0,-0.3351462781429291,-0.6042129397392273,0.7229132652282715,0,-0.6118478775024414,-0.44390201568603516,-0.654670238494873,0,0.16990886628627777,0.9139584302902222,0.8650557994842529,1],[7,0.6861229538917542,-0.7108348608016968,0.1547553688287735,0,-0.644101619720459,-0.49468621611595154,0.5834540724754333,0,-0.3381841480731964,-0.4999994933605194,-0.7972652316093445,0,-0.11025401949882507,1.008943796157837,0.790526807308197,1],[7,0.6459428071975708,-0.7475350499153137,0.1547553539276123,0,-0.6703623533248901,-0.4584709107875824,0.5834540724754333,0,-0.36520159244537354,-0.48062023520469666,-0.7972652316093445,0,-0.10244396328926086,1.0161257982254028,0.7905268669128418,1],[7,0.40671786665916443,-0.49165990948677063,0.7699681520462036,0,-0.9076383709907532,-0.12171334773302078,0.40171927213668823,0,-0.10379388928413391,-0.8622391223907471,-0.49575236439704895,0,-0.189898282289505,1.2877445220947266,0.08798874914646149,1],[7,0.40512603521347046,-0.610045313835144,-0.6809682846069336,0,0.1685752123594284,-0.6822153925895691,0.7114524841308594,0,-0.8985852003097534,-0.40302228927612305,-0.17354470491409302,0,0.6174293160438538,0.8316008448600769,0.6073082685470581,1],[7,0.6083357334136963,-0.6248812675476074,-0.48933738470077515,0,-0.06119660660624504,-0.6516368985176086,0.7560585141181946,0,-0.7913170456886292,-0.4299915134906769,-0.4346546530723572,0,0.3924104869365692,0.8737760186195374,0.7832328081130981,1],[7,0.475990891456604,-0.730740487575531,-0.48933738470077515,0,-0.18607409298419952,-0.627496600151062,0.7560585141181946,0,-0.8595401048660278,-0.26882392168045044,-0.4346545934677124,0,0.5248596668243408,0.7871255278587341,0.7832328677177429,1],[7,0.6928632259368896,-0.6863946318626404,-0.22091425955295563,0,-0.3560888469219208,-0.5921124219894409,0.7229132652282715,0,-0.627009928226471,-0.42221492528915405,-0.654670238494873,0,0.15645644068717957,0.9090393781661987,0.8650557398796082,1],[7,0.6714963912963867,-0.7073114514350891,-0.22091425955295563,0,-0.3740725517272949,-0.5809183120727539,0.7229133248329163,0,-0.6396581530570984,-0.4027957022190094,-0.654670238494873,0,0.14936961233615875,0.9048857092857361,0.8650557398796082,1],[7,0.6017948389053345,-0.7835138440132141,0.1547553837299347,0,-0.6956667304039001,-0.41908133029937744,0.5834540724754333,0,-0.3922892212867737,-0.45877790451049805,-0.7972652316093445,0,-0.07438186556100845,1.0221103429794312,0.790526807308197,1],[7,0.38184240460395813,-0.49952200055122375,0.7776079177856445,0,-0.9152945280075073,-0.08768698573112488,0.39312443137168884,0,-0.12818820774555206,-0.8618519306182861,-0.4906924068927765,0,-0.1825169175863266,1.2953170537948608,0.0765291228890419,1],[7,1.073337951851272e-8,-0.11349345743656158,-0.9935387969017029,0,4.968124400761553e-8,-0.9935387969017029,0.11349345743656158,0,-1.0000001192092896,-5.0578407240209344e-8,-5.025533322822184e-9,0,0.11441108584403992,0.07486880570650101,-0.1866859644651413,1],[7,1.073337951851272e-8,0.11349619925022125,-0.993538498878479,0,4.968124400761553e-8,-0.993538498878479,-0.11349618434906006,0,-1.0000001192092896,-4.814202725356154e-8,-1.630265700214295e-8,0,0.11441109329462051,0.0748688355088234,0.18668583035469055,1],[7,-0.11349344998598099,5.488476517712115e-8,-0.9935387969017029,0,-0.9935387969017029,1.4098192835376722e-8,0.11349344998598099,0,2.0236161191178326e-8,1.0000001192092896,5.293008342732719e-8,0,-0.06469477713108063,0.000130894870380871,-0.1866859793663025,1],[7,0.11349619925022125,-5.045173523399171e-8,-0.993538498878479,0,-0.993538498878479,1.1300028468497203e-8,-0.11349618434906006,0,1.6953093151528265e-8,1.0000001192092896,-4.884322990506007e-8,0,-0.06469475477933884,0.00013089411368127912,0.18668584525585175,1]],8,8,8,8,8,8,8,8,8,8,8,8,8,8,8,8,8,8,8,8,8,8,8,8,8,8,8,8,8,8,8,8,8,8,8,8,8,8,8,8,8,8,8,8,8,8,8,8,8,8,8,8,8,8,8,8,8,8,8,8,8,8,8,8,8]]],0,0,[],[],[]]
